1 1 74 0 0 1 1 4 96 1
1 0 75 0 0 9 0 0 0 0
1 0 74 0 0 9 0 0 0 0
1 0 74 0 0 9 0 0 0 0
1 0 75 0 0 1 1 1 48 1
2 1 67 0 0 0 1 6 96 1
2 0 67 0 0 0 1 6 5 0
2 0 67 0 1 1 0 0 0 1
2 0 67 0 0 0 1 3 53 0
2 0 68 0 0 0 1 3 45 1
3 1 76 0 1 1 1 1 9 1
3 0 76 0 1 1 1 2 96 1
3 0 76 0 1 0 1 1 3 1
3 0 76 0 1 1 1 3 15 1
3 0 77 0 0 0 1 1 36 1
4 1 71 0 0 9 1 9 96 0
4 0 70 1 0 0 1 2 7 1
4 0 70 0 0 0 1 0 0 1
4 0 71 0 1 1 1 3 7 1
4 0 70 0 0 1 1 2 27 1
5 1 69 1 0 1 1 3 36 1
5 0 69 0 1 0 1 1 96 1
5 0 69 0 0 1 1 3 1 1
5 0 69 0 0 0 1 0 0 1
5 0 68 0 0 9 0 0 0 0
6 1 70 0 1 1 1 3 71 1
6 0 71 0 0 0 0 0 0 0
6 0 71 0 1 1 1 5 5 1
6 0 70 0 0 1 0 0 0 0
6 0 71 0 0 9 0 0 0 0
7 1 65 1 0 0 1 1 96 1
7 0 65 0 0 9 0 0 0 0
7 0 64 0 0 0 1 4 91 1
7 0 64 0 0 0 1 3 96 1
7 0 65 0 0 1 1 3 60 0
8 1 68 1 1 1 1 1 36 1
8 0 68 0 1 9 0 0 0 1
8 0 68 0 0 1 0 0 0 1
8 0 68 1 0 9 1 0 0 0
8 0 68 0 0 9 1 1 1 1
9 1 61 0 0 9 0 0 0 1
9 0 61 0 0 1 0 0 0 1
9 0 61 0 0 0 1 1 24 1
9 0 61 0 0 9 0 0 0 1
9 0 60 1 0 0 0 0 0 0
10 1 64 0 0 1 1 1 54 1
10 0 64 0 0 9 0 0 0 0
10 0 65 0 1 9 1 6 2 1
10 0 64 0 1 1 1 4 10 1
10 0 65 0 0 9 0 0 0 0
11 1 68 1 0 1 1 5 96 1
11 0 69 0 0 9 0 0 0 0
11 0 69 0 0 1 0 0 0 1
11 0 69 1 1 1 1 0 0 1
11 0 69 1 0 1 1 1 35 0
12 1 74 0 0 0 1 2 96 1
12 0 74 0 1 0 1 6 4 1
12 0 73 0 1 0 1 2 11 1
12 0 74 0 0 1 1 1 6 1
12 0 74 0 0 1 1 1 12 0
13 1 67 1 0 1 1 0 0 1
13 0 68 0 1 0 1 0 0 1
13 0 68 0 1 1 1 4 65 1
13 0 68 0 0 9 0 0 0 0
13 0 68 0 0 1 1 3 96 1
14 1 62 1 0 0 1 1 99 1
14 0 62 1 0 0 0 0 0 0
14 0 63 0 0 1 0 0 0 0
14 0 63 0 0 9 0 0 0 0
14 0 63 0 0 1 1 3 99 0
15 1 71 1 0 1 1 3 59 1
15 0 70 0 1 1 0 0 0 1
15 0 71 0 0 1 1 9 99 1
15 0 71 0 1 1 0 0 0 1
15 0 71 0 1 1 1 3 84 1
16 1 83 0 1 1 1 4 96 1
16 0 82 0 0 1 0 0 0 0
16 0 82 0 1 0 1 6 4 1
16 0 82 0 1 0 0 0 0 1
16 0 82 0 0 9 0 0 0 0
17 1 70 0 0 1 0 0 0 1
17 0 70 1 1 1 1 2 55 1
17 0 70 0 1 1 1 3 14 1
17 0 70 0 1 1 1 1 39 1
17 0 70 0 1 1 0 0 0 1
18 1 74 0 0 0 1 0 0 1
18 0 75 1 1 0 1 3 6 1
18 0 74 0 0 1 0 0 0 1
18 0 74 0 1 0 1 3 46 1
18 0 75 0 0 9 0 0 0 0
19 1 70 0 0 9 1 0 0 1
19 0 70 0 1 0 1 1 96 1
19 0 70 0 0 9 0 0 0 0
19 0 70 0 0 9 0 0 0 1
19 0 70 0 0 9 0 0 0 0
20 1 66 0 1 1 1 4 48 1
20 0 66 0 0 9 1 1 96 1
20 0 66 0 0 9 0 0 0 1
20 0 66 0 0 1 0 0 0 0
20 0 66 0 1 1 1 1 12 1
21 1 77 0 0 1 1 6 4 1
21 0 77 1 1 1 1 0 0 1
21 0 77 0 1 0 1 3 24 1
21 0 77 0 0 1 0 0 0 0
21 0 78 0 1 1 1 2 9 1
22 1 66 0 1 0 1 5 29 1
22 0 67 0 1 0 0 0 0 1
22 0 66 0 0 1 0 0 0 1
22 0 67 0 0 1 0 0 0 1
22 0 69 0 1 1 1 3 10 1
23 1 71 0 1 1 1 1 96 0
23 0 72 0 0 9 0 0 0 0
23 0 72 0 0 0 0 0 0 1
23 0 71 0 0 9 0 0 0 0
23 0 71 0 1 1 0 0 0 1
24 1 80 0 0 0 1 2 99 1
24 0 79 0 0 9 0 0 0 0
24 0 79 0 0 0 0 0 0 0
24 0 79 0 0 1 0 0 0 0
24 0 80 0 0 0 0 0 0 0
25 1 64 0 0 1 1 3 99 1
25 0 64 0 0 0 1 0 0 1
25 0 63 0 0 1 1 1 60 1
25 0 64 0 1 0 1 1 6 1
25 0 66 0 1 1 1 1 99 1
26 1 63 0 0 0 1 1 60 1
26 0 63 0 1 0 1 1 96 1
26 0 65 0 0 0 1 1 25 0
26 0 65 0 0 0 0 0 0 1
26 0 64 0 0 0 1 1 96 1
27 1 72 1 0 1 0 0 0 1
27 0 72 0 1 9 0 0 0 0
27 0 72 0 1 1 0 0 0 1
27 0 72 0 1 0 1 1 48 1
27 0 72 0 1 1 1 0 0 1
28 1 57 0 0 0 1 4 12 0
28 0 57 0 1 1 1 0 0 1
28 0 58 0 0 1 1 1 36 1
28 0 57 0 0 0 1 1 36 0
28 0 57 0 0 0 1 0 0 0
29 1 74 1 0 1 0 0 0 1
29 0 74 0 0 1 0 0 0 1
29 0 73 0 0 1 1 3 2 1
29 0 75 0 0 1 0 0 0 1
29 0 75 0 0 9 0 0 0 0
30 1 62 0 1 1 1 3 6 1
30 0 62 0 0 1 1 3 37 1
30 0 62 0 0 1 1 2 63 1
30 0 63 0 0 9 0 0 0 0
30 0 61 1 1 1 1 4 96 1
31 1 73 0 1 1 1 1 4 1
31 0 72 0 0 0 1 2 90 1
31 0 73 0 0 0 1 5 5 1
31 0 73 0 1 0 1 1 15 1
31 0 73 0 1 0 0 0 0 0
32 1 71 0 1 1 1 1 99 1
32 0 71 0 0 9 0 0 0 0
32 0 71 0 0 0 0 0 0 1
32 0 71 0 0 0 0 0 0 1
32 0 71 0 1 0 1 9 99 1
33 1 64 0 1 1 0 0 0 1
33 0 65 0 0 1 1 4 96 1
33 0 64 0 0 1 1 4 96 1
33 0 64 0 0 1 1 3 36 1
33 0 64 0 0 1 1 4 96 0
34 1 63 0 0 0 1 9 96 1
34 0 64 0 0 1 0 0 0 1
34 0 62 0 0 1 0 0 0 1
34 0 64 1 0 0 1 1 18 0
34 0 64 0 1 1 1 5 99 1
35 1 79 1 1 1 1 1 96 1
35 0 78 1 1 1 1 1 96 1
35 0 79 0 0 1 0 0 0 1
35 0 79 0 1 0 1 0 0 1
35 0 78 0 0 1 1 1 24 1
36 1 80 0 0 1 1 1 15 1
36 0 81 0 1 1 0 0 0 1
36 0 81 0 1 0 1 1 18 1
36 0 80 0 0 1 1 3 74 1
36 0 80 0 1 1 0 0 0 1
37 1 82 0 1 1 1 3 6 1
37 0 82 0 0 1 0 0 0 1
37 0 81 0 1 9 0 0 0 1
37 0 81 0 1 1 1 1 12 1
37 0 82 0 1 1 1 3 13 1
38 1 71 0 1 0 1 9 84 1
38 0 71 0 1 1 0 0 0 1
38 0 71 1 0 1 0 0 0 1
38 0 71 1 0 1 1 1 96 1
38 0 71 0 0 0 1 1 30 1
39 1 83 0 1 1 1 4 14 1
39 0 83 0 1 1 0 0 0 1
39 0 83 0 0 0 0 0 0 1
39 0 83 0 1 1 1 2 16 1
39 0 83 0 0 0 0 0 0 1
40 1 61 0 1 0 1 5 96 1
40 0 60 0 0 0 0 0 0 1
40 0 61 0 0 0 1 1 24 1
40 0 62 0 0 1 0 0 0 1
40 0 61 0 0 0 1 0 0 1
41 1 71 0 0 0 1 1 96 1
41 0 71 0 0 1 0 0 0 0
41 0 71 0 1 1 0 0 0 0
41 0 70 0 0 0 0 0 0 0
41 0 71 0 1 1 1 1 3 1
42 1 69 0 1 1 1 3 40 1
42 0 69 1 0 1 0 0 0 1
42 0 70 0 1 0 1 0 0 1
42 0 70 0 1 0 1 1 32 1
42 0 70 0 0 1 1 9 99 1
43 1 77 0 0 1 1 4 73 1
43 0 76 0 1 0 1 0 0 1
43 0 76 0 1 1 1 0 0 1
43 0 77 1 1 1 1 0 0 1
43 0 77 0 1 0 0 0 0 1
44 1 64 0 0 1 1 1 37 0
44 0 64 0 0 1 1 6 6 0
44 0 63 1 0 1 0 0 0 0
44 0 63 0 1 0 1 9 99 1
44 0 63 0 1 1 0 0 0 1
45 1 79 1 0 0 0 0 0 0
45 0 82 0 0 1 1 1 99 1
45 0 78 0 0 0 0 0 0 0
45 0 80 0 0 1 0 0 0 0
45 0 81 0 0 0 0 0 0 0
46 1 72 0 0 0 1 0 0 1
46 0 72 0 0 1 1 2 57 1
46 0 73 0 0 9 0 0 0 0
46 0 73 1 1 0 1 3 96 1
46 0 73 0 0 0 0 0 0 1
47 1 82 1 1 1 1 5 96 1
47 0 81 0 0 9 0 0 0 0
47 0 81 0 0 1 0 0 0 0
47 0 81 0 0 1 1 0 0 1
47 0 81 0 1 1 0 0 0 1
48 1 73 0 1 1 1 3 60 1
48 0 74 0 0 1 1 1 1 1
48 0 75 0 0 0 0 0 0 1
48 0 75 0 1 1 1 1 96 1
48 0 74 0 0 0 0 0 0 0
49 1 69 0 0 9 1 9 99 1
49 0 68 0 0 0 0 0 0 1
49 0 68 0 0 1 1 3 48 1
49 0 68 0 0 0 1 1 96 0
49 0 70 0 0 0 0 0 0 0
50 1 79 0 1 1 1 1 67 1
50 0 79 0 1 1 0 0 0 1
50 0 79 0 1 1 0 0 0 1
50 0 78 1 0 1 1 1 99 1
50 0 79 0 0 1 0 0 0 1
51 1 72 0 0 1 1 5 60 0
51 0 71 0 0 0 1 0 0 1
51 0 72 0 0 0 0 0 0 1
51 0 72 0 1 1 1 4 96 1
51 0 71 0 1 1 1 4 12 1
52 1 72 0 1 1 1 1 27 1
52 0 72 0 1 1 1 1 3 1
52 0 71 0 0 9 0 0 0 0
52 0 72 0 1 1 0 0 0 1
52 0 72 0 1 1 0 0 0 1
53 1 65 0 1 1 1 2 16 1
53 0 67 0 0 0 0 0 0 0
53 0 67 0 0 9 0 0 0 0
53 0 66 0 0 1 0 0 0 1
53 0 66 0 0 0 1 1 3 0
54 1 67 0 1 1 1 3 96 1
54 0 66 0 0 1 1 3 56 1
54 0 66 0 0 1 0 0 0 0
54 0 67 0 0 1 1 1 99 1
54 0 67 0 0 1 1 3 34 1
55 1 64 1 0 1 1 4 96 1
55 0 63 0 0 1 0 0 0 1
55 0 64 0 0 1 1 1 4 1
55 0 63 0 0 1 0 0 0 1
55 0 65 0 0 9 0 0 0 0
56 1 62 0 0 9 1 3 36 0
56 0 63 0 0 1 0 0 0 0
56 0 62 0 0 0 0 0 0 1
56 0 62 0 0 9 1 5 99 0
56 0 62 0 0 9 0 0 0 0
57 1 83 1 1 9 0 0 0 1
57 0 83 1 0 9 0 0 0 0
57 0 82 0 0 0 1 3 6 1
57 0 83 0 0 9 0 0 0 1
57 0 83 1 0 9 0 0 0 1
58 1 81 0 0 1 1 0 0 1
58 0 79 0 0 9 0 0 0 0
58 0 80 0 0 1 0 0 0 1
58 0 82 0 0 1 0 0 0 1
58 0 80 0 0 0 0 0 0 0
59 1 67 0 0 1 1 3 96 1
59 0 66 0 0 1 1 3 40 1
59 0 68 0 0 9 0 0 0 1
59 0 65 0 0 0 0 0 0 1
59 0 66 0 1 1 1 1 96 1
60 1 73 1 1 1 1 1 99 1
60 0 72 0 0 1 1 1 12 1
60 0 71 0 0 1 1 1 96 1
60 0 73 1 0 0 1 3 96 1
60 0 72 0 0 1 0 0 0 1
61 1 67 1 0 0 1 5 96 1
61 0 67 1 0 1 1 3 96 1
61 0 68 0 0 1 0 0 0 0
61 0 67 0 0 1 0 0 0 0
61 0 67 0 0 1 0 0 0 1
62 1 74 0 1 1 1 2 9 1
62 0 75 0 0 0 0 0 0 1
62 0 75 0 0 9 0 0 0 0
62 0 75 1 1 0 0 0 0 1
62 0 75 0 0 0 1 3 41 1
63 1 68 1 0 1 1 5 18 1
63 0 69 0 0 1 1 2 96 1
63 0 70 0 0 9 0 0 0 0
63 0 69 0 1 1 1 2 92 1
63 0 69 0 1 0 1 5 59 1
