 1  5  3472    25  110 0 1  0.01    9.74 0  74.5
 0  9  3460    44  100 1 1  0.04    8.90 0  61.8
 1  0  3452    45  119 1 1  0.01    9.99 0  81.1
 1  6  3375    52  111 0 1  0.01    6.94 0  89.1
 0  3  3425    30   99 1 1  0.01   10.94 0  73.2
 0  1  3426    35   44 0 1  0.18    9.56 0  72.3
 1  1  3445    40  180 0 1  0.01    9.67 0  70.0
 0  0  2955    20   60 1 1  0.04   12.75 0  57.5
 1  0  2881    48  112 0 1  0.04    8.57 0  63.6
 1  3  2837    96  161 0 1  0.03    7.14 0  94.5
 0  1  2836    26  157 0 1  0.06   10.02 0  72.0
 0  0  2783    32  104 1 1  0.03    6.93 0  56.0
 1  1  2685    35  152 1 1  0.03    8.80 0  58.5
 0  1  2556    65   56 0 1  0.03    6.76 0  97.6
 1  0  2520    46  150 1 1  0.03    7.75 0  67.9
 1  0  2495    47   11 0 1  0.11   10.99 0  78.2
 0  0  2366    40   72 0 1  0.03    8.23 0  64.3
 0  0  2199    81   99 1 0  0.03   12.50 0  66.3
 0  1  2286    44   79 1 1  0.03   11.74 0  61.3
 0  0  2254    50  136 1 1  0.03    9.30 0  56.7
 0  0  2144    25  117 1 1  0.03    8.90 0  59.3
 0  0  2096    37  128 1 1  0.03   10.40 0  54.8
 1  0  2032    57  129 0 1  0.03    7.30 0  71.7
 0  0  2018    40   56 0 1  0.27    8.00 0  99.9
 1 15  1899    30  176 0 1  0.03    8.60 0  87.8
 1 14  1940    32  149 1 1  0.03    8.10 0  58.5
 0  1  1873    50   57 0 1  0.04    7.10 1  73.6
 1  3  1844    46  155 1 1  0.03    8.50 0  65.1
 0  0  3514    26   50 0 1  0.20   10.65 0  77.3
 0  8  3514    52  176 1 1  0.01    7.44 0  63.8
 0  6  3465    64   84 1 0  0.01    8.96 0  61.3
 1 27  3465    90   66 1 0  0.01    9.56 0  58.8
 1  2   947    35  157 0 1  0.07    9.11 0  85.0
 0  0  3430    34  124 1 1  0.09   10.23 0  65.4
 1 17  3412    59   71 0 1  0.12    7.01 0  76.8
 0  0  3404    25   48 1 1  0.05   12.68 0  53.6
 1  0  3395    44   59 0 0  0.01    9.35 1  60.7
 1  2  2929    40  121 0 1  0.03    9.69 0  88.6
 0  0  2870    40   30 0 1  0.03    8.98 0  82.4
 1  6  2733    48  146 1 1  0.03    8.03 0  63.5
 1  0  2779    80  142 0 1  0.03    9.28 0  80.0
 1  0  2601    50  109 1 1  0.03    8.07 0  73.0
 1  9  2675    30  131 1 1  0.03    9.70 0  56.4
 0  0  2592    36   82 1 1  0.03    7.50 0  58.6
 0  0  2557    32  151 1 1  0.03    9.26 0  56.8
 0  2  2473    48  164 0 1  0.05    7.06 0  80.6
 1  1  2510    60  119 1 1  0.03   12.43 0  81.7
 0  0  2473    50  117 1 1  0.14    9.46 0  66.9
 1  1  2359    38  112 0 1  0.03    7.94 0  68.1
 0  0  2296    53  103 0 1  0.03    7.50 0  79.6
 0  1  2173    41   19 1 1  0.41    6.70 0  62.2
 1  0  2108    71  152 0 1  0.03    8.40 0  78.0
 1  0  2193    33  124 1 1  0.03    8.20 0  54.9
 0  4  2166    72  100 0 1  0.06    6.80 0  86.9
 1  0  2089    42   90 1 1  0.03   12.00 0  76.8
 1  1  2082    39  115 1 1  0.03   10.70 0  70.1
 0  1  2031    53  118 1 1  0.03    7.40 0  74.0
 1  7  2045    40  175 0 1  0.03    6.80 0  67.7
 1  1  1999    29  147 1 1  0.03    8.30 0  65.8
 0  2  3488    28  172 1 1  0.01    8.44 0  52.1
 1  5  3487    55   81 0 1  0.01    8.85 0  79.7
 1  0  3462    38   35 1 0  0.29   15.42 0  79.5
 1  2  3457    30  144 1 1  0.03   12.20 0  45.4
 0  0  3453    62  119 0 1  0.01    7.72 0  78.0
 0  0  3447    54  145 1 0  0.01    8.91 0  43.4
 1  3  3431    40  160 1 1  0.01    8.48 0  69.5
 1  1  3424    44  116 0 1  0.02    8.27 0  57.5
 0  0  3424    38  140 0 1  0.02    8.33 0  66.0
 1  2  3377    44  162 0 1  0.01    9.09 0  71.5
 0  0  2915    48  116 0 1  0.03    6.72 0  65.0
 0  0  2845    37   28 0 1  0.33    7.03 0  66.0
 1  7  2776    39  121 1 1  0.03    7.04 0  83.3
 0  1  2502    50  104 1 1  0.03    8.51 0  72.4
 1  0  2474    45  102 1 1  0.03    8.61 0  66.4
 1  4  2447    60  118 0 1  0.05    8.50 0  70.4
 0  0  2348    24   16 0 1  0.19    8.92 0  88.1
 1  0  2348    42  156 0 1  0.03    7.76 0  67.0
 1  0  2257    38  159 0 1  0.07    9.20 0  69.6
 1  0  2067    45  150 1 1  0.03   12.80 0  53.0
 1  4  2009    40  163 1 1  0.03    7.30 0  70.4
 0  0  2089    30  129 1 1  0.03    9.30 0  57.2
 0  4  2018    31  171 1 1  0.03    9.70 0  66.6
 1  3  1968    50  116 0 1  0.03   11.60 0  72.6
 0  0  1908    58  144 0 1  0.03    7.80 0  70.0
 0  0  1879    36  110 0 1  0.03   10.90 0  67.0
 0  0  1842    45  144 1 1  0.03   11.00 0  75.4
 0  0  3549    58  148 1 0  0.01    8.42 0  44.8
 0  3  3559    58  175 0 1  0.01    7.93 0  84.1
 0  0  3544    35  126 1 1  0.01   11.20 0  58.0
 1 34  3467    66  172 1 1  0.11    7.66 1  67.3
 0  8  3551    58  106 0 1  0.06    7.26 0  64.1
 1  0  3476    46   47 1 1  0.16    6.97 0  63.4
 1  0  3550    55  147 0 1  0.01    9.27 0  79.1
 1 30  3543    32  133 1 1  0.15    9.06 0  52.9
 1  3  3535   120   77 0 0  0.06    9.02 0  58.2
 1 17  3488    75   26 0 0  0.23   12.16 0  81.8
 1  2  3550    40   14 0 1  0.11    8.68 0  83.6
 1  0  3482    40  164 0 1  0.01    7.14 0  68.2
 0  2  3006    40   35 0 1  0.08    8.46 0  75.2
 0  3  2955    60  107 0 1  0.03    7.61 0  88.6
 1  0  2824    38   73 1 1  0.07    8.13 0  52.2
 1 42  2752    50  119 1 0  0.03   10.89 0  66.4
 0  0  2699    72  108 1 1  0.03    8.22 0  80.2
 1  8  2667    84  129 0 1  0.03    9.29 1  76.6
 1 12  2667    44  122 1 1  0.03    8.33 0  77.7
 1  0  2590    37  179 1 1  0.03    8.02 0  64.5
 0  3  2571    33   83 1 1  0.03    6.61 1  58.2
 0  0  2572    46  166 0 1  0.03    7.70 1  75.4
 1 32  2558    52  132 0 1  0.03    9.29 0  60.0
 0  1  2530    65   63 0 1  0.03    9.72 0  73.4
 0  0  2514    40   52 0 1  0.06    8.98 0  75.0
 0  0  2507    75   55 1 1  0.05    9.59 0  74.7
 1 10  2387    58  143 0 1  0.03    8.25 0  62.7
 1 32  2356    35   49 1 1  0.18   11.66 0  56.3
 1  2  2339    72  171 0 1  0.03    7.78 0  71.3
 1  0  2317    65  163 0 1  0.03    8.59 0  64.5
 0  0  2216    67  103 1 1  0.03   14.10 0  70.2
 0  0  1898    28   24 1 1  0.21    9.20 0  51.7
 0  0  1894    60   56 0 1  0.03    9.10 0  94.5
 1  1  3496    35   82 1 1  0.06   10.05 0  55.4
 1 10  3495    45  159 1 1  0.01   10.17 1  51.8
 0  0  3494    48   91 1 1  0.01    8.84 0  65.0
 0  1  3453    61  117 0 0  0.01   10.13 0  59.7
 1 10  3431    52  159 1 1  0.01   10.37 0  69.0
 1  3  3460    72   92 1 0  0.01    8.81 0  57.3
 0  2  3417    92  157 0 0  0.02    7.28 1  59.0
 0  0  3413    43   13 1 1  0.01   11.59 0  57.0
 0 15  3398    51  127 1 0  0.01    9.81 0  48.4
 0  2  3402    68  172 1 1  0.01   10.21 0  75.0
 0  0  2944    30  131 1 1  0.01    8.10 0  51.9
 1  0  2455    60  168 0 1  0.04    9.30 0  61.8
 1  1  2804    54   19 1 1  0.30    8.71 0  67.7
 0  2  2474    34   22 0 0  0.03   12.35 0  57.2
 0  0  2461    43  111 1 1  0.03    9.07 0  54.0
 1  0  2458    48   33 0 1  0.03    8.89 0  62.7
 0  0  2472    86  141 0 1  0.03    6.66 0  90.8
 1  7  2451    70   75 0 1  0.03    9.24 1  97.6
 0  0  2430    36  100 1 1  0.19    6.98 0  68.6
 1  0  2422    42  106 1 1  0.11    7.41 0  57.2
 1  0  2410    30  113 0 1  0.04    8.98 0  76.4
 1  3  2361    59  137 1 1  0.03    9.74 0  56.6
 1  0  2205    37   46 0 1  0.05    8.00 0  73.5
 1  0  2243    34  115 0 1  0.15    9.20 0  74.6
 0  0  2174    57  152 0 1  0.03    8.20 0  67.6
 1  0  1974    34   19 1 1  0.19    9.90 0  61.5
 0  0  2018    65  101 1 1  0.17    8.20 0  67.6
 1  0  1996    33   54 1 1  0.39    7.30 0  64.2
 0  1  1943    24   15 1 1  0.11    9.40 0  63.8
 0  0  3536    98   61 0 1  0.01    8.34 0  87.4
 1 19  3532    58   71 0 0  0.03   12.73 0  50.2
 1 10  3509    52  135 1 0  0.01    9.89 0  71.7
 1 16  3465    58   80 0 0  0.01    8.96 1  74.8
 0  4  3481    65   79 0 1  0.01    8.54 1  71.2
 0  0  3391    36   26 1 0  0.16    9.89 0  54.4
 1 10  3377    36  123 0 1  0.08    9.26 0  85.2
 1  2  3411    34  178 1 1  0.01   11.27 0  69.3
 1  6  2899    64   68 0 1  0.03    9.77 1  74.3
 0  5  2860    65   91 0 1  0.03    8.00 0  85.4
 0  0  2836    36  165 1 1  0.03    7.95 0  52.6
 0  0  2732    66   90 0 1  0.11    8.20 0  76.0
 1  1  2702    65  102 1 1  0.03   10.75 0  68.0
 0  0  2653    52   97 0 1  0.07   10.56 0  65.2
 0  0  2593    62   35 0 1  0.07   10.52 0  91.5
 0  2  2503    36   46 0 1  0.03   10.54 0  66.5
 1  1  2454    54  148 0 1  0.03    6.92 0  72.5
 1  0  2398    52  108 0 1  0.04   11.62 0  86.7
 0  0  2362    46  142 1 1  0.03    9.41 0  61.1
 0  0  2066    32  151 1 1  0.03   10.50 0  49.8
 1  2  2142    47  137 0 1  0.03    7.40 0  68.6
 1  5  2108    75  116 0 1  0.03    9.30 0  80.5
 1  4  2076    54  142 0 1  0.03    8.90 0  67.5
 1  0  1996    48   92 0 1  0.08    7.90 0  67.9
 0  2  2005    62   82 0 1  0.06    7.80 0 101.1
 1  6  1785    60  106 0 1  0.03    9.70 0  68.6
 1  1  3472    60   48 0 1  0.11    7.85 0  61.2
 0  0  3550    16   80 0 1  0.09   10.90 0  81.0
 1  5  3493    20   43 0 1  0.38   10.67 0  81.8
 1  3  3573    48  178 1 0  0.09    9.63 0  58.5
 0 19  3518    72  107 1 0  0.12    8.28 0  79.9
 0  0  3416    30   44 0 1  0.38    6.81 0  75.7
 0  4  3504    70   99 0 1  0.02   10.03 0 100.5
 0  0  3405    60   84 0 1  0.01    9.44 0  82.3
 1  0  3402    86   82 1 0  0.01    9.57 0  65.5
 0  1  2888    54   81 0 0  0.03    8.78 0  68.2
 1  1  2811    38  139 0 1  0.03    7.41 1  69.8
 1 10  2760    35  135 1 1  0.03    9.34 0  62.6
 1 10  2618    38   54 1 1  0.21    6.74 1  59.4
 1  5  2522    40  163 1 1  0.03    8.10 0  58.8
 1  1  2429    70   97 0 0  0.03   12.96 0  60.2
 1  1  2324    64  117 1 1  0.03    8.68 0  74.4
 0  0  2083    60   42 0 1  0.10   11.00 0  87.4
 0  1  2093    38   90 0 1  0.12    8.00 0  67.0
 0  2  2121    38   85 0 1  0.09   11.10 0  75.0
 1  3  2114    24  145 1 1  0.03    8.50 0  63.0
 1  2  2074    60   32 0 1  0.03   10.90 0  78.0
 0  5  2066   105   60 0 1  0.04    9.90 0  87.8
 1  0  2072    35   24 1 1  0.10   10.30 0  74.8
 1  3  1984    53  167 1 1  0.03   10.10 0  59.6
 0  1  3486    57   58 0 1  0.13    7.99 0  78.9
 0 18  3412    63   67 1 0  0.07   12.22 0  52.8
 0  1  3426    82   96 1 0  0.01   12.38 0  69.6
 0  0  3431    38  165 1 1  0.14    6.94 0  58.0
 1 18  3427    50   81 0 1  0.01    9.78 0  65.5
 0  0  2836    90  110 1 0  0.03   11.50 0  52.1
 1  9  2578    58  146 1 1  0.03    9.11 0  73.2
 1 17  2653    36   47 0 1  0.07    7.48 0  64.1
 0  0  2667    55  113 0 1  0.03   10.56 0  83.4
 1  2  2622    56  128 1 1  0.03   10.73 0  76.7
 1  0  2633    65  155 1 1  0.03   11.13 0  63.0
 0  3  2598    46   61 0 1  0.05    7.13 1  68.7
 0  0  2585    45  162 1 1  0.03   12.98 0  56.7
 0  2  2489    43  144 1 1  0.04    7.82 0  64.3
 1  6  2475    59  151 0 1  0.03    7.46 0  87.5
 0  1  2433    44   96 0 1  0.09    7.75 0  77.7
 0  0  2305    45  176 0 1  0.03    6.89 0  91.0
 0  3  2247    80   97 1 1  0.03    8.90 0  73.4
 1  1  2256    32  156 1 1  0.03    8.40 0  65.8
 0  5  2136    42  120 1 1  0.08    8.90 0  59.0
 0  0  2135    20  143 0 1  0.14   10.70 0  70.4
 0  0  2074    60  133 0 1  0.03    9.60 0  69.5
 1  7  2058    50  144 1 1  0.03    7.70 0  59.8
 1  4  2046    46   28 1 1  0.03    8.90 0  56.4
 0  3  1995    28   33 1 1  0.41    6.60 0  59.5
 1  9  2025    40  166 1 1  0.03    8.80 0  59.5
 0  0  1935    50   58 0 1  0.33    8.30 0  81.4
 1  0  1997    30   32 0 1  0.09   11.30 0  74.9
 0  1  3479    48   97 0 1  0.01    8.04 0  79.5
 1  1  3461    56   90 0 1  0.07    8.20 0  57.9
 1  0  3395    27  135 1 1  0.07    7.04 0  59.3
 1 21  3425    50  143 0 1  0.01    9.56 1  77.7
 0 15  3418    38  114 1 1  0.01    8.82 0  53.5
 1 29  3452    55  109 1 0  0.01    8.88 0  57.7
 1 28  3413    49  142 1 1  0.01    8.62 1  72.7
 1  8  2926    50  156 0 1  0.03    7.38 0  76.3
 0  0  2839    25   27 1 1  0.03    9.06 0  58.0
 0  0  2856    52  102 1 1  0.03    8.40 0  61.9
 0  0  2754    86  146 1 1  0.03    8.54 0  85.3
 0  0  2685    50   97 0 1  0.14    8.22 0  73.8
 1  0  2545    56   92 0 1  0.03    9.00 0  94.1
 1  2  2534    55  152 1 1  0.03    8.45 0  67.6
 1 12  2457    45   88 0 1  0.10   10.94 0  63.6
 0  0  2486    66  138 0 1  0.06    8.87 0  86.9
 1  2  2206    44  100 0 1  0.03    6.90 0  74.9
 1 15  2313    40  104 0 1  0.03   10.28 0  79.1
 0  0  2248    32   57 0 0  0.03    9.80 0  48.9
 1 18  2223    35   88 0 1  0.04   11.60 0  82.3
 1  5  2226    62   64 0 1  0.18    7.00 0  80.0
 0  0  2125    53  158 0 1  0.03    7.40 0  78.4
 0  1  2135    15   52 0 1  0.14   12.30 0  60.5
 0  2  2031    88   54 0 1  0.03    7.80 0  85.4
 0  0  1978    46  116 1 1  0.08   10.30 0  60.2
 0  0  1953    14   25 1 1  0.42    7.30 0  56.6
 1  3  1807    44   11 0 1  0.07    9.80 0  88.4
 1  6  3418    60   23 1 1  0.13   10.46 0  57.5
 1  0  3402    40  161 1 1  0.01    9.83 0  58.5
 1  0  3395    60  138 0 1  0.03    7.36 0  84.0
 0  0  3398    40   47 0 1  0.28   10.92 0  82.2
 1  8  3399    70  113 1 1  0.05    7.44 0  73.5
 0  0  3410    86  131 0 1  0.02    8.63 0  89.0
 0  6  3404    44  167 1 1  0.01    9.61 0  51.1
 0  0  3406    32   77 1 1  0.02   10.13 0  56.0
 1  5  2921    85   96 0 1  0.08    7.88 0  87.2
 1  2  2839    48   99 0 1  0.03    7.86 0  79.4
 0  0  2828    60   84 0 1  0.03    8.84 0  80.2
 0  4  2866    59  109 0 1  0.03    7.66 0  81.8
 0  0  2852    55  160 0 1  0.03    7.52 1  76.2
 0  0  2835    21   21 0 1  0.23    6.65 0  68.4
 0  2  2836    42  105 0 1  0.03    9.98 0  64.4
 0  5  2683    50   73 1 1  0.03    7.49 0  69.4
 1  0  2612    72  115 1 1  0.03    8.16 0  72.4
 0  0  2608    85   72 1 1  0.03   10.44 0  65.8
 1  0  2580    45  134 1 1  0.03    8.16 0  67.7
 0 11  2521    36  153 1 1  0.03   10.69 0  64.3
 1  4  2548    70   42 0 1  0.03   11.81 0  69.1
 1 13  2503    71  122 0 0  0.03   10.07 0  69.0
 0  0  2555    36  130 1 1  0.03   10.85 0  59.6
 0  1  2401    40   47 1 1  0.30    7.32 0  77.0
 1  0  2359    35   76 1 1  0.03    9.20 0  66.0
 1  6  2331    69  168 0 1  0.03    7.97 0  76.2
 1 10  2282    52   98 0 1  0.03   10.70 0  78.1
 0  0  2233    43  140 1 1  0.03    9.10 0  70.4
 0  0  2198    40   56 1 1  0.03   10.50 1  51.6
 1  0  2131    49   16 0 1  0.10   10.90 0  96.1
 0  0  2024    34   25 0 1  0.33    7.90 0  69.7
 0  2  3544    50  116 0 1  0.03   10.88 0  66.4
 0  0  3563    47  142 0 1  0.17    8.76 0  67.7
 1  0  3556    45   72 0 1  0.03    8.53 0  77.3
 1  3  3535    38   35 1 1  0.14   11.66 1  58.2
 0  1  3487    66   99 1 1  0.05    8.13 0  73.2
 1  6  3467    68  151 0 1  0.01    9.72 0  75.8
 1  4  3411    80  120 1 0  0.01    8.23 0  59.6
 1 13  3377    48   71 1 1  0.06    9.43 0  80.8
 0  5  3409    82   64 1 0  0.01   11.26 0  44.0
 0  0  2788    42  116 0 1  0.04   10.83 0  66.4
 0  0  2731    30   92 1 1  0.05    9.38 0  58.1
 0  0  2531    64   99 0 1  0.04    9.25 0  80.1
 1  1  2619    32   54 1 1  0.13    7.27 0  53.7
 1  0  2592    35  154 0 1  0.03    9.49 0  70.3
 0 11  2524    50  105 1 1  0.03    8.70 0  56.5
 0  0  2521    39   72 0 1  0.03   10.99 0  79.0
 0  4  2447    37  122 1 1  0.03   12.34 0  70.6
 1  0  2360    35   45 0 1  0.33    7.15 0  68.1
 1  0  2192    50  129 0 1  0.04    9.20 0  79.1
 0  5  2093    48   21 0 1  0.35    7.30 0  79.3
 1  0  2079    32  111 1 1  0.03   10.70 0  60.8
 1  2  2093    30  128 0 1  0.03    9.80 0  73.8
 1  1  2118    36  149 1 1  0.03    8.80 0  53.3
 1  7  2096    74  151 0 1  0.01    9.30 0  80.4
 1  7  1963    34  128 1 1  0.11    8.70 0  68.1
 0  3  1960    38  107 1 1  0.03    8.60 0  68.1
 1  0  1824    40  102 0 1  0.05    9.40 0  64.0
 0  5  3551    38  168 1 1  0.02    7.80 0  56.0
 1  1  3517    36   79 1 1  0.01    9.44 0  68.1
 1  1  3509    58  147 1 1  0.04    8.20 0  72.0
 1  4  3537    40   40 0 1  0.11   13.20 0  85.4
 0  1  3495    28  162 1 1  0.01    9.25 0  64.5
 0  7  3535    57  168 1 1  0.03    8.22 0  67.1
 0  0  3444    19  149 1 1  0.01    8.94 0  60.6
 1  4  3444    42   16 0 1  0.50    7.26 0  67.7
 1  1  2857    33   64 0 1  0.19    8.54 0  65.9
 0  3  2843    60  129 0 1  0.06    8.23 0  78.1
 1  9  2675    72  145 0 1  0.03    9.11 0  74.7
 1  1  2601    54  147 0 0  0.03    7.50 0  49.0
 0  1  2599    58  107 0 1  0.04    8.29 0  90.7
 1  2  2601    57  168 1 1  0.03    8.49 0  67.2
 1  0  2529    74  153 0 1  0.03    7.09 0  73.6
 0  0  2431    72  166 0 1  0.03    9.14 0  73.8
 0  0  2348    90   94 0 1  0.03    7.37 0  72.1
 0  0  2268    70   57 0 1  0.39    6.70 0 103.6
 0  0  2236    51  177 1 0  0.03    8.30 0  54.0
 1  0  2236    69  107 0 1  0.03    9.90 0  88.1
 1  3  2125    50   75 0 1  0.03    9.70 0  70.1
 0  2  2058    34  171 1 1  0.03    8.70 0  53.6
 0  0  2065    47   99 1 1  0.07    6.80 0  79.4
 1  2  2074    60  178 1 1  0.03    6.80 0  70.0
 0  8  2025    70   77 0 1  0.07    7.10 0  60.6
 1  8  1996    30   27 0 1  0.13   10.30 0  72.7
 0  0  1939    45  129 0 1  0.03   10.50 0  62.2
 1  2  1939    95  105 0 1  0.03   12.20 0  72.7
 1  1  1904    44   70 0 1  0.06   10.10 0  78.6
 0  0  3429    76   57 1 0  0.01   11.77 0  61.0
 1  4  3459    46  112 1 1  0.01    8.28 0  61.5
 0  1  3457    35  147 1 1  0.01   14.37 0  68.5
 1  1  3473    42  157 1 1  0.01   10.05 0  71.0
 0  0  3481    39  139 0 1  0.14    9.83 0  97.5
 1 13  3394    57  109 1 0  0.01    9.42 0  67.8
 1  3  2831    36  172 1 1  0.03    7.89 0  65.1
 1  0  2664    40  112 1 1  0.08    8.98 0  58.2
 1 12  2687    63  145 0 0  0.03   10.65 0  59.6
 1  0  2667    45   27 0 0  0.14   11.09 0  60.0
 0  0  2632    54  103 0 1  0.04    9.09 0  84.0
 1  0  2635    62  166 1 1  0.03    8.16 0  70.4
 0  2  2620    36  138 0 1  0.03    8.29 0  57.5
 1  9  2628    40  172 1 1  0.03    8.08 1  47.2
 1  0  2589    63  119 1 1  0.03   12.40 0  71.3
 1  5  2628    38   59 0 1  0.05    6.79 0  80.3
 1  8  2507    66  106 1 1  0.03   11.64 0  63.3
 0  0  2460    85  136 0 1  0.03    8.99 0  91.7
 1  1  2473    42   55 0 1  0.04    7.95 0  72.6
 0  3  2412    70   89 1 1  0.03    7.61 0  78.1
 0  0  2088    42  132 1 1  0.03    7.70 0  71.1
 0  0  2075    56  114 1 1  0.17    8.00 0  69.9
 0  0  2062    50  164 0 1  0.03   10.80 0  85.9
 0  0  2072    25   51 0 1  0.04   12.70 0  54.6
 0  0  1901    43  100 0 1  0.03    9.30 0  78.9
 0  0  1928    46  121 0 1  0.03   10.40 0  82.9
 0  4  3467    56   19 0 1  0.01    7.80 1  55.8
 0  0  3426    51  157 1 1  0.01   10.56 0  73.2
 1  0  3431    23   96 1 1  0.02    7.86 0  49.4
 0 14  3419    30  149 1 0  0.01    8.87 0  38.2
 1 10  3411    46   78 1 1  0.01    9.66 0  69.4
 0  1  3412    43  136 0 1  0.06    8.60 0  63.3
 1  3  3404    48  137 0 1  0.01    8.78 0 113.0
 0  4  3403    50  151 0 1  0.01    9.23 0  71.5
 0  0  3403    26  177 1 1  0.01    9.10 0  52.6
 1 17  2250    37  130 0 1  0.01    9.00 0  72.3
 0  0   124    46   90 0 1  0.04    9.13 0  77.3
 1  6  2766    60  151 1 1  0.03    8.52 0  50.5
 0  3  2809    28  147 1 1  0.06    8.89 0  62.9
 1  0  2808    54  126 0 1  0.03    9.94 0  72.5
 0  0  2709    64  170 1 1  0.03    9.32 0  70.0
 1  0  2724    46  128 1 1  0.03    8.85 0  58.0
 1  0  2558    80  134 0 1  0.03   11.14 0  78.5
 1  5  2584    52  173 1 1  0.03    8.49 0  60.2
 1  1  2635    32  166 0 1  0.03    9.02 0  61.7
 1  3  2461    80  116 0 0  0.03    8.98 0  57.7
 1  0  2440    56  117 1 1  0.05   12.45 0  60.0
 0  0  2436    60  130 0 1  0.03    8.82 0  85.2
 0  0  2300    30   32 0 1  0.38   13.74 0  82.2
 0  0  2325    40  110 0 1  0.03   10.12 0  59.9
 0  0  2272    34   73 0 1  0.05   11.88 0  62.4
 1  0  2247    46   12 1 1  0.03    8.10 0  59.8
 0  4  2228    50  157 1 1  0.03    8.40 0  79.7
 0  1  2164    48   99 1 0  0.03   12.90 0  53.5
 1  0  2079    37   99 1 1  0.10    9.00 0  54.3
 0  4  3465    50  153 0 1  0.07    7.73 0  66.2
 1  1  3489    75  142 0 1  0.03    8.52 0  89.3
 1  1  3496    80   70 1 0  0.02    9.60 0  52.2
 1  4  3454    43  142 0 1  0.01    7.85 0  92.7
 1 13  3458    35   38 1 1  0.06   11.95 0  64.4
 1 14  3430    55   10 0 0  0.01    8.66 0  55.0
 1  8  3430    32  117 1 1  0.01    8.76 1  53.6
 1  4  3412    40  144 0 1  0.11    7.96 0  86.4
 0  0  3376    70  131 0 1  0.19    9.63 0  94.1
 0  1  2879    36  161 1 1  0.03    7.43 1  51.5
 0  0  2810    71  133 0 1  0.03    7.50 0  78.5
 0 11  2837    31  178 1 1  0.03    7.81 1  67.9
 1  0  2797    79  101 0 1  0.09    8.05 0  77.8
 0  2  2583    32  123 1 1  0.03    9.53 1  54.9
 1  5  2548    74   75 1 0  0.03    9.27 0  68.6
 1  0  2548    50  145 0 1  0.03    7.76 0  83.2
 0  1  2438    70  141 1 1  0.03    8.84 0  61.0
 0  0  2317    50   93 0 1  0.16    8.07 0  77.7
 1  1  2212    54  141 0 1  0.03    9.00 1  75.8
 0  0  2240    70  155 0 1  0.15    7.30 0  87.1
 0  0  2229    32  157 0 1  0.03   11.80 0  58.6
 1  3  2244    49  175 0 1  0.03   10.00 0  69.9
 0  1  2198    40   56 0 1  0.03    8.30 1  57.6
 0  0  2146    40   99 0 1  0.08   12.00 0  72.2
 0  0  2114    26   14 0 1  0.22    8.30 0  69.6
 0  0  2062    28  137 1 1  0.03    9.10 0  49.9
 1  9  1978    58  122 0 1  0.03    7.30 0  88.5
 0  0  1914    40   75 0 1  0.10   10.70 0  94.6
 0  2  3510    50   47 0 1  0.05    8.33 0  78.6
 1  3  3507    50  117 0 1  0.05   12.06 0  61.4
 1 22  3500    49   35 1 0  0.24    9.01 0  64.0
 0  2  3460    70  154 0 1  0.01    8.99 0  66.5
 1  0  3410    70   65 1 0  0.04    8.64 0  65.6
 1  2  3455    40  143 0 1  0.01    9.75 0  73.5
 0  0  3398    95   80 1 0  0.01   11.22 0  69.1
 1  7  3391    36   70 1 1  0.07    9.02 0  64.0
 0 14  2926    48  107 0 0  0.03    8.19 0  60.5
 1  5  2926    47  131 0 1  0.03    7.58 0  58.3
 0  5  2885    30   31 0 1  0.06    7.95 0  68.7
 1  4  2849    46   67 1 1  0.08    9.77 0  72.0
 1  0  2751    75   82 1 1  0.03   11.07 0  72.5
 1  6  2738    40   84 1 1  0.03   10.23 0  53.7
 0  1  2760    30   51 0 1  0.22    7.85 0  65.5
 1  1  2611    65   56 0 1  0.11   10.36 0  63.7
 0  2  2579    45   80 0 1  0.03   12.34 0  87.1
 0  0  2558    60  165 0 1  0.03    8.85 0  74.1
 1  1  2507    33   71 1 1  0.03   11.28 0  59.6
 0  3  2529    36  161 1 1  0.04    8.30 1  61.0
 1 15  2396    95   32 0 1  0.03    9.42 0  70.3
 0  0  2383    50  135 0 1  0.03    9.48 0  76.7
 1  1  2368    35  103 0 1  0.19    7.69 0  64.5
 1  0  2320    65  154 1 1  0.03    9.17 0  64.8
 1  0  2289    57  141 0 1  0.03    7.39 0  80.6
 1  5  2319    29   14 1 1  0.33    8.01 0  64.0
 0  0  2289    33   24 0 1  0.07   10.74 0  70.0
 1  5  2313    50   55 1 1  0.03    9.31 0  64.0
 1  1  2222    39   71 0 1  0.07    9.50 0  70.3
 0  0  3473    66  115 0 0  0.01   10.72 0  73.6
 0  4  3437    44   69 0 0  0.01    9.79 0  68.2
 1  5  3437    62   68 0 1  0.02    9.85 0  85.7
 1  5  3430    74   94 0 1  0.01    8.70 1  89.0
 1  3  3416    48  135 0 1  0.04   10.70 0  70.9
 0  0  3412    50   92 0 1  0.03    8.18 0  80.5
 0  5  3423    50   56 0 1  0.03    9.70 0  65.5
 1  0  3416    32   77 1 1  0.03    9.40 0  63.6
 1  0  3395    65   52 0 0  0.01   12.91 0  75.9
 0  0  2927    34  171 1 1  0.03   13.24 0  67.5
 0  0  2839    70   87 0 1  0.12    7.74 0  80.4
 1  1  2899    42   57 0 1  0.12    8.92 0  64.4
 1 10  2773    44   96 0 1  0.03    8.24 0  82.7
 0  3  2846    52  177 0 1  0.03    9.61 0  87.4
 0  0  2755    94   31 0 1  0.11   10.58 0  69.5
 0  0  2723    48   55 0 1  0.11    8.11 0 103.6
 1  0  2594    32   56 1 1  0.12   11.29 0  76.2
 0  5  2516    49   95 0 1  0.03    6.80 0  76.7
 0  9  2494    55  112 1 1  0.03   10.07 0  56.5
 1  0  2487    40   56 1 1  0.44   10.50 0  84.5
 0  3  2425    28   25 1 1  0.23   10.29 0  56.7
 1  0   624    32  120 0 1  0.03    9.78 0  74.6
 1  2  2334    32  161 1 1  0.03    9.00 0  55.4
 1  1  2429    45  120 0 1  0.03   10.78 0  72.4
 1  0  2411    48  148 1 1  0.03   10.32 0  63.3
 0  0  2366    50   93 0 1  0.03    9.56 0  75.0
 1  2  2382    71  145 0 1  0.03    7.43 0  81.1
 0  1  2373    80  124 0 1  0.03    9.65 0  75.0
 1  2  2349    36   13 1 1  0.03    9.91 1  64.3
 0  2  2347    45  101 1 1  0.03   11.31 0  73.1
 0  0  2354    45   80 0 1  0.06   10.14 0  73.4
 1  4  2325    30  122 1 1  0.03    7.98 0  50.9
 1  0  2304    52   89 1 1  0.05    9.77 0  62.6
 0  0  2265    35   64 1 1  0.08    9.50 0  69.9
 1  2  2199    80   40 0 1  0.05   11.20 0  67.7
 1  4  2018    50   25 0 1  0.06   10.70 0  87.2
 0  0  2024    50   51 0 1  0.07    9.20 0  72.0
 0  0  1999    50   47 0 1  0.03    8.40 0  71.7
 1 10  3476    55  113 0 0  0.01    9.38 0  65.2
 0 14  3487    47  105 1 1  0.11    8.27 0  75.6
 1 44  3479    75  145 0 1  0.01    7.45 0  74.0
 0  0  3479    56   70 1 1  0.01    9.18 0  68.5
 1 18  3479    33  157 1 1  0.01    7.72 0  55.0
 1 11  3412    40  147 0 1  0.01    8.22 0  68.1
 0  0  3419    42  162 0 1  0.18    8.03 0  95.2
 1  0  3416    56  165 0 0  0.01   11.03 0  51.7
 1  0  2779    28  162 0 1  0.03    9.86 0  64.8
 0  0  2740    47  175 1 1  0.07    7.26 0  68.0
 0  0  2695    80   58 0 1  0.09   12.62 0  71.2
 0  0  2626    18   21 0 1  0.31    8.68 0  68.9
 1  1  2565    75   35 0 1  0.03   11.05 0  97.0
 0  1  2495    48   70 1 1  0.03    9.23 0  68.0
 1 18  2515    65  105 1 1  0.03    7.67 1  67.0
 1  5  2366    40  106 0 1  0.05    9.76 0  63.6
 0  0  2349    48  173 1 1  0.03    8.41 0  61.3
 0  2  2320    78   84 0 1  0.07    7.39 0  68.1
 1  6  2293    48   76 0 1  0.03    9.82 0  65.6
 1 26  2261    11  127 1 1  0.03    8.80 0  49.0
 0  2  2270    57   76 0 1  0.05    7.60 0  88.0
 1  0  2270    35  152 1 1  0.03    9.50 0  61.5
 1 40  2276    35  109 1 1  0.03    8.90 0  60.0
 1  1  2212    32   56 1 1  0.15    9.70 0  56.2
 1  3  2110    40  101 1 1  0.03    8.70 0  62.4
 1 21  2013    50  139 0 1  0.03   10.50 0  75.6
 0  1  2011    31  146 1 1  0.03    8.70 0  59.1
 1  1  1991    46  140 0 1  0.03    7.70 0  61.6
 1  5  1946    74  101 1 0  0.03    9.20 0  50.6
 0  1  1918    40  129 0 1  0.03    9.40 0  83.0
 0  0  1897    46  165 0 1  0.03   10.10 0  74.2
 0  3  1837    49  133 0 1  0.03    8.90 0  84.4
 1  0  3489    42   40 1 1  0.01    7.80 0  64.9
 1 10  3460    46  111 1 0  0.01    9.75 0  53.2
 0  1  3404    74  173 0 1  0.01    7.34 0  85.5
 0  0  3419    39  141 1 1  0.01    7.97 0  64.8
 1 14  3402    42   92 0 1  0.04   12.79 0  74.2
 1  5  2856    45   25 0 0  0.11   10.02 0  60.9
 1 11  2800    58  131 1 0  0.03    6.83 0  65.5
 0  0  2786    26   83 0 0  0.03   10.15 0  40.3
 0  0  2766    48  172 0 1  0.03    8.65 0  71.8
 1 10  2716    63   84 0 1  0.03   10.84 0  77.6
 0  9  2758    71   36 1 1  0.14    7.16 0  71.3
 0  0  2643    40   67 0 1  0.09    8.42 0  74.4
 1  1  2634    36  118 0 1  0.16    7.24 0  70.8
 0  0  2578    44  104 0 1  0.06    7.44 0  83.5
 1 10  2576    66  133 0 1  0.03    8.22 0  74.5
 1 16  2579    40   38 0 1  0.29   10.07 0  83.9
 0  2  2453    54  159 0 1  0.03    8.54 0  67.1
 1  0  2390    35  151 0 1  0.19    8.04 0  65.4
 1  6  2376    15   51 0 1  0.18    9.25 0  73.2
 1  0  2324    68  165 0 1  0.03    7.36 0  80.0
 1  7  2312    38  127 1 1  0.04    8.70 0  58.0
 0  0  2261    48  151 1 1  0.03    8.20 0  77.2
 1  2  2233    30   91 0 1  0.03   12.50 0  61.0
 0  0  2025    20   72 1 1  0.16    9.80 0  52.2
 1  7  2074    45  178 1 1  0.03   10.30 0  64.5
 0  0  2051    60   75 0 1  0.03    8.80 0  64.5
 1  0  1852    25   84 1 1  0.03   11.40 0  54.0
 0  2  1852    55   72 0 1  0.08    7.10 0  65.3
 0  0  3486    41  126 0 1  0.07    8.60 0  64.1
 1  8  3420    31   73 1 1  0.01    8.76 0  76.0
 1  0  3465    52  109 1 1  0.02    7.09 0  56.0
 1  2  3431    53  154 0 0  0.01    7.80 0  59.2
 0  1  3427    65   30 0 0  0.10    7.01 0  66.7
 1  1  3437    40   95 0 1  0.01    9.85 0  60.8
 0  9  3423    60  168 1 1  0.01    7.36 0  55.4
 1 10  3412    33   60 1 1  0.17    8.42 0  70.6
 0  5  3413    64  120 1 1  0.12    8.50 0  82.5
 0  3  2786    37  135 1 1  0.03    7.74 0  63.0
 1  4  2618    51   28 0 1  0.03    8.09 0  65.6
 1  0  2586    38   91 1 1  0.03    8.48 0  53.3
 0  0  2562    36   17 0 1  0.16    7.18 0  72.0
 0  0  2506    28  114 1 1  0.03   10.19 0  53.3
 0  1  2545    45   96 0 1  0.03   10.16 0  78.3
 1  0  2569    48  137 0 1  0.03    8.97 0  61.1
 0  0  2383    45  155 0 1  0.03    8.74 0  84.7
 0  0  2534    74   40 1 1  0.36    6.86 0  66.1
 1  5  2548    50  126 0 1  0.07    8.35 0  93.0
 0  1  2544    59   18 1 1  0.13    8.22 0  60.3
 0  0  2474    71   68 0 1  0.03    8.98 0  78.5
 0  0  2472    27   13 0 1  0.44    6.67 0  85.7
 1  2  2521    50   97 0 1  0.03    8.62 0  69.0
 1  4   883    50  145 0 1  0.03    9.18 0  70.9
 0  1  2251    40   83 0 1  0.15    6.80 0  84.0
 0  2  2195    42   77 1 1  0.03    9.70 0  63.2
 0  1  2194    90   89 0 1  0.03    7.10 0  89.4
 1  3  2184    55   20 0 1  0.31    6.60 0  76.0
 1  6  2104    28   75 0 1  0.13   11.80 0  83.0
 1  0  2088    45   18 1 1  0.43    7.60 0  74.7
 0  0  2117    30   41 1 1  0.32    6.80 0  59.7
 0  0  3447    38  168 1 1  0.01    9.59 0  61.8
 1  4  3465    70   53 0 0  0.01    9.27 0  66.8
 1 18  3465    50  153 0 1  0.03    9.94 0  65.0
 1 11  3501    28  162 0 1  0.01    8.92 0  80.0
 1 11  3391    70  147 1 1  0.01    9.60 0  61.1
 1  1  3426    60   53 0 1  0.05    9.47 0  82.3
 0  1  3433    55   47 1 0  0.01    9.41 0  74.8
 0  0  3412    35  101 0 1  0.17   10.55 0  69.5
 0  6  3395    58  146 1 1  0.01    8.09 1  67.2
 1 19  2837    38  104 0 1  0.03    8.87 0  68.6
 0  0  2950    62   54 1 1  0.03    8.71 0  75.0
 0  0  2922    61  130 1 1  0.05    9.81 0  61.2
 0  0  2922    59  112 1 1  0.06    6.97 0  89.1
 1  1  2786    22   16 1 1  0.35    8.99 0  60.5
 1 14  2607    40   76 1 1  0.05   10.21 0  59.4
 0  3  2593    90   91 1 1  0.03    8.09 0  59.9
 0  0  2607    62   71 1 1  0.03   11.23 0  72.1
 1  9  2584    54   35 1 0  0.07    9.79 1  59.2
 1  4  2534    67  169 0 1  0.03    7.37 0  61.9
 0  0  2466    44  168 0 1  0.03    8.77 0  67.1
 1  0  2422    20   72 1 1  0.03   11.04 0  58.6
 1  7  2397    45   93 1 1  0.03    7.89 0  57.0
 0  2  2258    84  146 0 0  0.03    9.50 0  66.7
 1  4  2145    58   76 0 1  0.03    8.20 0  80.2
 1  1  2060    55  128 1 1  0.03    9.40 0  65.4
 1  3  2058    50  158 0 1  0.03    8.00 0  84.7
 0  0  2039    38   91 0 1  0.03    9.30 0  81.0
 1 13  1836    48  135 0 1  0.03    8.80 0  84.2
 1  1  2265    37  126 0 1  0.03    7.30 0  60.8
 0  1  2215    45  112 1 1  0.03    7.80 0  56.6
 0  0  2170    62  139 1 1  0.03    8.60 0  72.5
 1  6  2132    60  164 1 1  0.03   11.40 0  69.2
 0  0  2100    54  140 1 1  0.03   10.40 0  82.0
 0  2  2062    64  175 0 1  0.03    6.70 0  64.8
 1  8  1995    70   84 0 1  0.03    8.60 1  86.6
 1  4  1991    40  145 0 1  0.03    7.40 0  70.5
 1  0  2060    60   99 1 1  0.03   10.60 0  64.2
 1  0  1928    45   67 0 1  0.03   10.10 0  63.0
 1  0  1901    50   73 1 1  0.03   11.30 0  60.5
 0  0  1830    20   22 1 1  0.18    9.20 0  51.3
 0  0  1879    48   47 0 1  0.14   10.00 0  84.0
 0  7  1927    54  179 1 0  0.03   10.90 0  49.2
 0 11  1807    57  131 1 1  0.03    7.70 0  59.0
 1  0  2300    38  123 1 1  0.07    9.30 0  67.6
 0  1  2233    34  132 1 1  0.03    9.70 0  53.0
 1  0  2136    30  149 1 1  0.08   10.10 0  64.6
 0  0  2088    50  152 0 1  0.03    9.10 0  92.0
 1  0  2087    47   64 0 1  0.04   11.50 0 111.5
 0  1  2076    37   54 0 1  0.13    8.70 0  74.0
 0  0  2079    60  127 0 1  0.03   10.10 0  82.4
 1  0  2115    45   89 1 1  0.03    7.10 0  62.8
 0  3  2030    28   20 0 1  0.11    7.00 0  83.5
 0  1  2026    33  102 0 1  0.05    8.00 0  72.8
 1  0  2030    61   93 0 1  0.03    9.70 0  74.9
 0  9  2018    26  161 1 1  0.03    7.00 0  54.0
 1  4  2033    55   95 0 1  0.20    9.00 0  57.1
 0  0  2002    42  161 1 1  0.03    9.50 0  69.7
 0  0  2030    42  173 0 1  0.03    8.70 0  64.8
 1  1  1943    41   91 1 1  0.03    9.70 0  82.3
 1  3  2012    50   57 1 1  0.03    8.20 0  69.5
 0  0  1956    74  110 1 1  0.03    7.20 0  70.1
 1  1  1899    37  163 0 1  0.03    7.20 0  60.9
 1  1  1901    48   83 0 1  0.14    8.80 0  86.9
 1  4  2305    30   29 1 1  0.14   12.20 0  76.5
 0  0  2307    37   84 1 1  0.03    8.00 0  68.0
 1  2  2305    60   45 0 1  0.20    7.20 0  90.1
 1  0  2304    40  165 0 1  0.03    8.80 0  78.0
 1  0  2286    40  130 1 1  0.03    8.00 0  62.1
 0  0  2247    52  151 1 1  0.14    8.40 0  70.9
 0  1  2195    29   65 1 1  0.03    8.60 0  64.6
 1  0  2153    55  118 1 1  0.03   11.70 0  72.5
 0  0  2150    41  169 0 1  0.03    9.20 0  88.5
 1 11  2073    70  103 0 1  0.03   11.00 0  65.0
 1  2  2104    57   76 1 0  0.03    8.50 0  53.6
 1  2  1998    41   28 1 1  0.18    8.70 0  79.6
 1  4  2068    26  134 1 1  0.03    9.30 0  55.1
 0  1  2006    32   96 1 1  0.05   11.60 0  64.5
 0  0  2060    56   83 1 1  0.08   11.30 0  73.5
 1  0  2027    60  178 0 1  0.03    7.60 1  76.5
 0  1  1873    35  112 1 1  0.03    9.40 0  65.3
 0  1  1893    45  136 1 1  0.03    8.00 0  70.8
 1  1  2307    50   63 0 1  0.15    8.10 0  72.5
 0  0  2292    50  163 0 1  0.03   10.60 0 109.5
 0  0  2263    70  125 0 0  0.03   10.30 0  45.5
 0  3  2276    58   53 1 0  0.03   10.70 0  56.6
 1  0  2264    35   31 0 1  0.34   10.10 0  70.9
 1  0  2159    52  148 1 1  0.11    8.60 0  59.0
 1  4  2164    30   76 1 1  0.03   12.20 0  66.1
 0  0  2132    40   90 1 1  0.03    8.20 0  74.9
 0  0  2103    35   16 1 1  0.37    8.60 0  55.5
 0  1  2026    50   87 0 1  0.03   10.00 0  74.9
 0  2  2101    57  136 0 1  0.03    7.90 0  77.7
 0  0  1646    41  117 0 1  0.03   12.30 0  57.4
 1  2  2075    35  157 1 1  0.10   10.60 0  59.7
 0  0  2027    48  130 0 1  0.08    7.10 0  81.6
 1  1  1836    62  170 1 1  0.03    6.60 0  59.1
 0  0  1785    68   62 0 1  0.03   11.00 0  76.6
 0  0  2171    48  153 0 1  0.03   11.10 0  52.7
 1  0  2069    29   42 1 1  0.03   11.30 0  66.6
 0  0  2039    45   73 1 1  0.03   11.00 0  62.2
 0  0  2058    34  178 1 1  0.03    8.60 0  80.4
 1  2  2044    30   63 0 1  0.03   12.10 0  76.1
 1  1  2020    44   66 1 1  0.03   11.10 0  70.8
 0  0  2010    30  127 1 1  0.03    8.50 0  73.3
 0  0  1939    55   55 0 1  0.19    8.10 0  64.0
 0  1  1939    40   99 0 1  0.03   10.80 0  68.0
 0  5  2004    50   82 1 1  0.04    8.10 0  70.4
 1  0  2009    32   54 0 1  0.16    9.60 0  71.3
 1  2  1968    60  127 1 1  0.03    7.90 0  67.2
 1  0  1892    28   96 1 1  0.03   14.80 0  65.4
 0  0  1885    26   98 1 1  0.04    9.10 0  64.0
 0  1  1905    40  109 1 1  0.17    8.80 0  55.0
 0  0  1883    45  119 1 1  0.03   10.30 0  59.0
 1  0  1843    48   94 0 1  0.04    7.30 0  62.2
 0  5  2262    54   68 0 1  0.03   10.00 0  72.5
 1  1  2286    45  173 1 1  0.03    7.85 0  57.5
 1  1  2212    70  158 0 1  0.03    8.70 0  85.6
 0  0  2139    60   99 1 0  0.03   11.30 0  58.5
 0  0  2209    65   89 0 1  0.03    8.80 0  82.5
 1  0  2214    35   41 0 1  0.16   12.10 0  76.6
 1  0  2180    42   58 0 1  0.03   10.70 0  66.6
 1  4  2013    48  177 1 1  0.03    8.20 0  65.5
 0  0  1884    64  122 0 1  0.03    9.60 0  74.6
 0  1  2083    41  143 1 1  0.03    8.60 0  52.1
 0  0  2115    28   82 1 1  0.17   10.60 0  52.0
 1  0  2058    40  127 1 1  0.06    7.90 0  75.6
 0  0  2030    30  134 0 1  0.03   11.20 0  66.7
 1  0  1974    74  116 1 1  0.03   10.90 0  60.2
 0  5  1960    62   72 0 0  0.03   12.30 0  58.5
 0  4  1852    44  130 0 1  0.13    7.30 0  74.0
 0  0  1954    42  126 0 1  0.15   10.40 0  78.5
 0  0  1943    50  104 0 1  0.12    6.70 1  76.5
 0  6  1857    44   85 1 1  0.04   13.60 0  58.3
 1  0  1830    67  151 0 1  0.07    8.00 0  72.0
