174054   1   2  38  152.20  66.70   2   1   2   2   0   293
174077   2   1  14  144.00  32.80   2   1   1   2   0   255
174109   2   1  26   81.25  55.00   2   1   1   2   0   213
174111   2   1  26  178.50  69.30   2   1   1   2   0   203
204001   1   2  12  147.00  62.00   2   2   2   2   2   414
204002   2   2  15  159.00  47.50   2   1   1   2   7   439
204003   1   1  19  171.00  72.70   2   1   1   2   0   382
204004   1   1  12  142.00  34.00   2   1   1   2   0   388
204014   2   1   1   79.00  10.50   2   1   1   2   5   363
204015   1   2   9  134.50  32.70   2   1   1   2   3   367
204018   2   1   1   79.00  11.47   2   1   1   2   1   362
204029   1   1   5  102.00  18.00   2   1   1   2   1   360
204056   1   2  22  169.00  52.20   2   1   1   2   0   337
204085   2   2  19  159.00  46.00   2   2   2   2   0   270
204088   2   1   7  115.50  19.50   2   1   1   2   0   274
204102   1   1  25  185.00  58.40   2   1   1   2   0   271
204103   2   1  31  170.00  80.50   2   1   1   2   0   252
204131   1   1  37  155.00  67.50   2   1   2   2   0   243
204134   2   2   6  130.00  21.60   2   1   2   2   1   227
204135   2   2   3   96.00  13.10   2   1   2   2   0   227
222121   2   2  22  163.00  49.10   2   1   2   4   0   198
222122   2   1  17  169.00  63.50   2   1   1   4   0   207
222123   2   1  19  182.00  63.90   2   1   1   4   1   200
222125   1   2  36  167.00  60.80   2   1   2   4   0   197
238005   2   1  17  162.50  52.70   2   1   1   1   2   383
238009   2   2  27  176.00  82.80   2   1   1   1   1   349
238010   1   1   5  113.00  19.50   2   1   1   1   0   371
238011   2   1   2   93.00  13.20   2   1   1   1   1   102
238012   1   1   8  124.00  25.40   2   1   1   1   1   388
238013   1   1  12  144.00  36.90   2   1   1   1   0   388
238016   2   1  27  174.00  67.80   2   1   1   1   0   365
238017   2   1  14  143.50  33.40   2   1   1   1   2   382
238019   1   2  11  149.00  50.90   2   1   1   1   0   373
238020   2   2  29  175.00  73.10   2   1   1   1   1   385
238021   1   2  31  167.00  51.80   2   1   2   1   0   376
238022   1   1   7  121.00  19.90   2   1   1   1   0   360
238023   2   2  26  153.00  46.90   2   1   2   1   0   306
238036   1   1  13  145.20  36.20   2   1   1   1   2   251
238044   1   2  25  168.00  68.90   2   1   2   1   1   356
238045   1   2   9  140.00  36.00   2   1   2   1   0   339
238046   2   1  28  174.00  63.70   2   1   1   1   1   301
238051   1   2  13  139.00  34.80   2   1   2   1   0   334
238065   1   2  24  177.00  78.40   2   1   1   1   0   269
238076   2   1  11  123.00  24.30   2   1   1   1   0   273
238086   1   1   4  103.80  16.80   2   1   1   1   1   273
238087   2   1  19  170.00  71.20   2   1   1   1   2   306
238099   1   1  18  166.00  58.10   2   1   1   1   0   263
238100   1   2   7  135.00  42.90   2   1   1   1   1   240
238106   2   2  12  166.00  51.90   2   1   2   1   0   271
238107   1   1  10  129.00  27.40   2   1   1   1   0   254
242091   2   1   9  129.40  28.70   2   1   1   2   0   278
242094   1   1   5  112.30  20.70   2   1   1   2   0   265
242101   1   1   1   76.30  11.30   2   1   1   2   0   217
242110   1   1   7  119.00  20.60   2   1   1   2   1   210
242117   2   2  11  137.50  40.30   2   1   1   2   0   192
242119   2   2   4   98.30  14.40   2   1   1   2   3   195
242132   2   2   7  113.00  20.40   2   1   2   2   1   203
242133   1   1  15  178.70  60.50   2   1   1   2   0   197
243030   2   1   1   79.00  12.20   2   1   1   2   1   347
243040   1   1   7  116.60  23.30   2   1   1   2   0   335
243041   1   1  17  170.20  47.90   2   1   1   2   2   365
243042   1   1   8  125.40  27.70   2   1   1   2   0   336
243052   2   1  20  173.00  68.40   2   1   1   2   3   270
243053   2   1   5  114.50  23.00   2   2   1   2   4   347
243060   1   1   6  105.5   19.50   1   1   1   2   0   318
243061   2   1   9  129.6   29.30   2   2   1   2   1   359
243097   1   1   5  110.4   19.10   2   1   1   2   0   259
245006   1   2  44  153.3   45.00   2   2   2   2   0   364
245007   2   1  22  175.0   59.70   2   1   1   2   1   364
245008   1   1   7  111.0   17.40   2   1   1   2   0   363
245043   1   1  19  173.6   61.40   2   2   1   2   0   350
248078   1   1  34  182.6   94.80   2   2   1   2   0   269
248108   1   1  32  177.9   63.35   2   2   1   2   0   185
248115   2   1  25  185.0   74.55   2   2   1   2   0   91
248116   2   1  21  189.0  101.50   2   2   1   2   0   91
249028   2   1   7  109.0   14.65   2   1   1   2   0   357
249031   2   1   5  101.0   15.40   2   1   1   2   2   353
249035   2   1  24  169.7   58.95   2   1   1   2   0   343
249055   1   1  12  138.0   28.10   2   1   1   2   1   303
249063   2   1   5   97.1   15.30   2   1   1   2   1   322
249105   1   1  24  171.0   55.10   2   1   1   2   0   255
328064   1   1  26  176.8   66.00   2   1   1   4   1   343
328073   2   1   6  104.4   13.80   2   1   1   4   0   294
328074   1   2   9  122.8   20.10   2   1   2   4   0   303
328079   2   1  25  176.9   73.50   2   2   1   4   1   270
328080   1   1   2   93.5   14.20   2   1   1   4   0   270
328083   2   1   8  121.6   22.40   2   1   1   4   0   245
328084   2   1  10  125.9   29.70   2   1   1   4   0   261
328092   1   1  20  169.8   50.10   2   1   1   4   0   284
328093   2   2  34  166.5   58.20   2   1   1   4   0   276
328095   1   1   6  119.9   26.20   2   1   1   4   0   294
328096   1   1  11  139.2   34.90   2   1   1   4   0   277
328098   2   2   3   91.7   14.40   2   1   1   4   3   287
328104   1   1   9  131.3   24.00   2   1   1   4   0   331
328112   2   2  11  138.6   36.10   2   1   2   4   0   288
328113   2   1  17  156.7   36.80   2   1   1   4   0   269
328114   2   1  10  143.0   31.30   2   1   1   4   0   269
331047   2   2  17  171.0   46.10   2   1   2   2   0   330
331062   2   2   8  115.0   19.00   2   1   2   2   2   351
331069   1   1   6  111.9   17.90   2   1   1   2   0   297
331075   2   2   7  116.2   22.20   2   1   1   2   0   281
331081   1   1   7  119.7   21.50   2   1   1   2   0   276
331089   1   1   8  116.8   20.00   2   1   1   2   0   279
331090   2   1  11  141.5   36.00   2   1   1   2   1   278
331118   1   1   4  108.1   17.30   2   1   1   2   0   199
332032   2   2  18  179.0   67.00   2   1   1   3   0   308
332033   1   1  13  151.0   49.00   2   1   1   3   0   327
332034   2   1  11  136.5   31.20   2   2   1   3   0   329
332037   1   1   2   86.0   13.50   2   1   1   3   0   318
332038   1   1  17  180.0   68.00   2   1   1   3   0   304
332039   2   2  35  181.5   80.00   2   2   1   3   0   316
332048   2   1  25  172.5   50.00   2   1   1   3   0   300
332049   1   1  14  145.0   29.00   2   2   1   3   2   300
332050   2   2  25  187.5   74.00   2   1   1   3   1   312
332057   2   1  27  169.5   65.00   1   2   2   3   3   287
332058   2   2  32  185.0   95.00   2   1   1   3   0   293
332059   1   1   6  120.0   23.00   2   1   1   3   0   293
332066   2   2   8  138.0   31.00   2   2   1   3   1   286
332067   1   2   9  144.0   34.40   2   1   1   3   0   286
332068   1   2  23  170.0   49.00   2   2   2   3   0   273
332070   2   2  23  122.0   31.20   1   1   2   3   1   273
332071   1   2  17  127.0   27.00   2   1   2   3   0   273
332072   1   2  21  158.0   49.00   2   1   1   3   1   273
332082   2   1   1   81.0   10.40   2   1   1   3   0   264
336024   1   1  12  136.5   30.00   2   1   1   2   0   160
336025   2   1   7  120.0   23.00   2   1   1   2   1   316
336026   2   1   1   79.0   10.60   2   1   1   2   0   316
336027   1   1   3   97.8   13.00   2   1   1   2   0   315
